cluster
1
1
2
3
2
1
1
1
4
5
5
1
32
6
6
7
1
8
1
9
1
10
2
39
2
1
7
7
11
12
8
4
8
-1
4
1
-1
6
52
16
2
8
5
11
1
11
11
17
1
34
19
4
20
1
13
4
17
5
7
9
1
17
1
5
10
17
9
6
-1
4
2
11
2
22
1
23
21
18
7
24
4
5
1
8
1
25
-1
11
2
13
-1
2
17
58
1
4
1
4
4
3
46
5
1
28
7
8
5
5
1
-1
8
5
2
-1
8
7
7
4
23
10
8
4
7
1
12
28
2
1
21
12
3
4
7
4
4
4
21
21
8
4
8
-1
12
2
-1
34
4
-1
10
13
8
24
8
21
4
11
29
8
1
5
1
8
31
18
1
11
1
4
4
4
5
11
9
11
-1
1
16
8
21
19
8
-1
-1
-1
4
21
10
21
5
1
2
7
4
11
-1
2
28
11
-1
11
11
18
2
11
11
11
11
11
11
11
11
17
45
11
11
-1
34
11
2
11
11
11
13
22
11
11
6
11
-1
13
22
11
13
11
11
11
11
11
11
16
28
13
11
-1
11
46
11
11
-1
13
11
17
13
-1
11
13
11
13
16
16
11
13
13
13
11
-1
11
-1
11
11
13
11
11
12
4
4
13
28
3
1
4
1
16
2
28
12
51
2
8
12
24
4
10
11
13
11
13
11
11
13
6
11
11
46
11
11
11
13
13
56
28
13
53
13
57
11
13
-1
13
-1
13
13
13
-1
13
-1
13
13
28
13
13
11
13
25
-1
6
13
28
28
28
5
1
38
53
4
9
5
6
4
11
4
11
4
11
21
4
8
11
11
4
8
4
4
4
4
1
4
4
8
4
20
2
8
1
51
4
-1
12
4
1
13
2
14
10
11
7
4
8
4
7
3
24
4
2
7
7
1
3
3
4
